image: testbed1.pgm
resolution: 0.020000
origin: [-6.010000, -6.010000, 0.000000]
negate: 0
occupied_thresh: 0.65
free_thresh: 0.196

